{
 "cells": [
  {
   "cell_type": "markdown",
   "metadata": {},
   "source": [
    "# Graduate Admission 2 Data (Kaggle)"
   ]
  },
  {
   "cell_type": "markdown",
   "metadata": {},
   "source": [
    "## Package imports and settings"
   ]
  },
  {
   "cell_type": "code",
   "execution_count": 21,
   "metadata": {},
   "outputs": [],
   "source": [
    "import numpy as np\n",
    "import pandas as pd\n",
    "from scipy.stats import pearsonr\n",
    "from sklearn.preprocessing import MinMaxScaler"
   ]
  },
  {
   "cell_type": "code",
   "execution_count": 22,
   "metadata": {},
   "outputs": [],
   "source": [
    "np.random.seed(0)"
   ]
  },
  {
   "cell_type": "markdown",
   "metadata": {},
   "source": [
    "## Data import"
   ]
  },
  {
   "cell_type": "code",
   "execution_count": 23,
   "metadata": {},
   "outputs": [],
   "source": [
    "data = pd.read_csv('../data/Admission_Predict_Ver1.1.csv')"
   ]
  },
  {
   "cell_type": "code",
   "execution_count": 24,
   "metadata": {},
   "outputs": [
    {
     "data": {
      "text/html": [
       "<div>\n",
       "<style scoped>\n",
       "    .dataframe tbody tr th:only-of-type {\n",
       "        vertical-align: middle;\n",
       "    }\n",
       "\n",
       "    .dataframe tbody tr th {\n",
       "        vertical-align: top;\n",
       "    }\n",
       "\n",
       "    .dataframe thead th {\n",
       "        text-align: right;\n",
       "    }\n",
       "</style>\n",
       "<table border=\"1\" class=\"dataframe\">\n",
       "  <thead>\n",
       "    <tr style=\"text-align: right;\">\n",
       "      <th></th>\n",
       "      <th>Serial No.</th>\n",
       "      <th>GRE Score</th>\n",
       "      <th>TOEFL Score</th>\n",
       "      <th>University Rating</th>\n",
       "      <th>SOP</th>\n",
       "      <th>LOR</th>\n",
       "      <th>CGPA</th>\n",
       "      <th>Research</th>\n",
       "      <th>Chance of Admit</th>\n",
       "    </tr>\n",
       "  </thead>\n",
       "  <tbody>\n",
       "    <tr>\n",
       "      <th>0</th>\n",
       "      <td>1</td>\n",
       "      <td>337</td>\n",
       "      <td>118</td>\n",
       "      <td>4</td>\n",
       "      <td>4.5</td>\n",
       "      <td>4.5</td>\n",
       "      <td>9.65</td>\n",
       "      <td>1</td>\n",
       "      <td>0.92</td>\n",
       "    </tr>\n",
       "    <tr>\n",
       "      <th>1</th>\n",
       "      <td>2</td>\n",
       "      <td>324</td>\n",
       "      <td>107</td>\n",
       "      <td>4</td>\n",
       "      <td>4.0</td>\n",
       "      <td>4.5</td>\n",
       "      <td>8.87</td>\n",
       "      <td>1</td>\n",
       "      <td>0.76</td>\n",
       "    </tr>\n",
       "    <tr>\n",
       "      <th>2</th>\n",
       "      <td>3</td>\n",
       "      <td>316</td>\n",
       "      <td>104</td>\n",
       "      <td>3</td>\n",
       "      <td>3.0</td>\n",
       "      <td>3.5</td>\n",
       "      <td>8.00</td>\n",
       "      <td>1</td>\n",
       "      <td>0.72</td>\n",
       "    </tr>\n",
       "    <tr>\n",
       "      <th>3</th>\n",
       "      <td>4</td>\n",
       "      <td>322</td>\n",
       "      <td>110</td>\n",
       "      <td>3</td>\n",
       "      <td>3.5</td>\n",
       "      <td>2.5</td>\n",
       "      <td>8.67</td>\n",
       "      <td>1</td>\n",
       "      <td>0.80</td>\n",
       "    </tr>\n",
       "    <tr>\n",
       "      <th>4</th>\n",
       "      <td>5</td>\n",
       "      <td>314</td>\n",
       "      <td>103</td>\n",
       "      <td>2</td>\n",
       "      <td>2.0</td>\n",
       "      <td>3.0</td>\n",
       "      <td>8.21</td>\n",
       "      <td>0</td>\n",
       "      <td>0.65</td>\n",
       "    </tr>\n",
       "  </tbody>\n",
       "</table>\n",
       "</div>"
      ],
      "text/plain": [
       "   Serial No.  GRE Score  TOEFL Score  University Rating  SOP  LOR   CGPA  \\\n",
       "0           1        337          118                  4  4.5   4.5  9.65   \n",
       "1           2        324          107                  4  4.0   4.5  8.87   \n",
       "2           3        316          104                  3  3.0   3.5  8.00   \n",
       "3           4        322          110                  3  3.5   2.5  8.67   \n",
       "4           5        314          103                  2  2.0   3.0  8.21   \n",
       "\n",
       "   Research  Chance of Admit   \n",
       "0         1              0.92  \n",
       "1         1              0.76  \n",
       "2         1              0.72  \n",
       "3         1              0.80  \n",
       "4         0              0.65  "
      ]
     },
     "execution_count": 24,
     "metadata": {},
     "output_type": "execute_result"
    }
   ],
   "source": [
    "data.head()"
   ]
  },
  {
   "cell_type": "markdown",
   "metadata": {},
   "source": [
    "## Pre-Processing"
   ]
  },
  {
   "cell_type": "code",
   "execution_count": 25,
   "metadata": {},
   "outputs": [],
   "source": [
    "data = data.drop('University Rating', axis=1)"
   ]
  },
  {
   "cell_type": "code",
   "execution_count": 26,
   "metadata": {},
   "outputs": [
    {
     "data": {
      "text/html": [
       "<div>\n",
       "<style scoped>\n",
       "    .dataframe tbody tr th:only-of-type {\n",
       "        vertical-align: middle;\n",
       "    }\n",
       "\n",
       "    .dataframe tbody tr th {\n",
       "        vertical-align: top;\n",
       "    }\n",
       "\n",
       "    .dataframe thead th {\n",
       "        text-align: right;\n",
       "    }\n",
       "</style>\n",
       "<table border=\"1\" class=\"dataframe\">\n",
       "  <thead>\n",
       "    <tr style=\"text-align: right;\">\n",
       "      <th></th>\n",
       "      <th>Serial No.</th>\n",
       "      <th>GRE Score</th>\n",
       "      <th>TOEFL Score</th>\n",
       "      <th>SOP</th>\n",
       "      <th>LOR</th>\n",
       "      <th>CGPA</th>\n",
       "      <th>Research</th>\n",
       "      <th>Chance of Admit</th>\n",
       "    </tr>\n",
       "  </thead>\n",
       "  <tbody>\n",
       "    <tr>\n",
       "      <th>0</th>\n",
       "      <td>1</td>\n",
       "      <td>337</td>\n",
       "      <td>118</td>\n",
       "      <td>4.5</td>\n",
       "      <td>4.5</td>\n",
       "      <td>9.65</td>\n",
       "      <td>1</td>\n",
       "      <td>0.92</td>\n",
       "    </tr>\n",
       "    <tr>\n",
       "      <th>1</th>\n",
       "      <td>2</td>\n",
       "      <td>324</td>\n",
       "      <td>107</td>\n",
       "      <td>4.0</td>\n",
       "      <td>4.5</td>\n",
       "      <td>8.87</td>\n",
       "      <td>1</td>\n",
       "      <td>0.76</td>\n",
       "    </tr>\n",
       "    <tr>\n",
       "      <th>2</th>\n",
       "      <td>3</td>\n",
       "      <td>316</td>\n",
       "      <td>104</td>\n",
       "      <td>3.0</td>\n",
       "      <td>3.5</td>\n",
       "      <td>8.00</td>\n",
       "      <td>1</td>\n",
       "      <td>0.72</td>\n",
       "    </tr>\n",
       "    <tr>\n",
       "      <th>3</th>\n",
       "      <td>4</td>\n",
       "      <td>322</td>\n",
       "      <td>110</td>\n",
       "      <td>3.5</td>\n",
       "      <td>2.5</td>\n",
       "      <td>8.67</td>\n",
       "      <td>1</td>\n",
       "      <td>0.80</td>\n",
       "    </tr>\n",
       "    <tr>\n",
       "      <th>4</th>\n",
       "      <td>5</td>\n",
       "      <td>314</td>\n",
       "      <td>103</td>\n",
       "      <td>2.0</td>\n",
       "      <td>3.0</td>\n",
       "      <td>8.21</td>\n",
       "      <td>0</td>\n",
       "      <td>0.65</td>\n",
       "    </tr>\n",
       "  </tbody>\n",
       "</table>\n",
       "</div>"
      ],
      "text/plain": [
       "   Serial No.  GRE Score  TOEFL Score  SOP  LOR   CGPA  Research  \\\n",
       "0           1        337          118  4.5   4.5  9.65         1   \n",
       "1           2        324          107  4.0   4.5  8.87         1   \n",
       "2           3        316          104  3.0   3.5  8.00         1   \n",
       "3           4        322          110  3.5   2.5  8.67         1   \n",
       "4           5        314          103  2.0   3.0  8.21         0   \n",
       "\n",
       "   Chance of Admit   \n",
       "0              0.92  \n",
       "1              0.76  \n",
       "2              0.72  \n",
       "3              0.80  \n",
       "4              0.65  "
      ]
     },
     "execution_count": 26,
     "metadata": {},
     "output_type": "execute_result"
    }
   ],
   "source": [
    "data.head()"
   ]
  },
  {
   "cell_type": "code",
   "execution_count": 28,
   "metadata": {},
   "outputs": [
    {
     "data": {
      "text/html": [
       "<div>\n",
       "<style scoped>\n",
       "    .dataframe tbody tr th:only-of-type {\n",
       "        vertical-align: middle;\n",
       "    }\n",
       "\n",
       "    .dataframe tbody tr th {\n",
       "        vertical-align: top;\n",
       "    }\n",
       "\n",
       "    .dataframe thead th {\n",
       "        text-align: right;\n",
       "    }\n",
       "</style>\n",
       "<table border=\"1\" class=\"dataframe\">\n",
       "  <thead>\n",
       "    <tr style=\"text-align: right;\">\n",
       "      <th></th>\n",
       "      <th>Serial No.</th>\n",
       "      <th>GRE Score</th>\n",
       "      <th>TOEFL Score</th>\n",
       "      <th>SOP</th>\n",
       "      <th>LOR</th>\n",
       "      <th>CGPA</th>\n",
       "      <th>Research</th>\n",
       "      <th>Chance of Admit</th>\n",
       "    </tr>\n",
       "  </thead>\n",
       "  <tbody>\n",
       "    <tr>\n",
       "      <th>Serial No.</th>\n",
       "      <td>1.000000</td>\n",
       "      <td>-0.103839</td>\n",
       "      <td>-0.141696</td>\n",
       "      <td>-0.137352</td>\n",
       "      <td>-0.003694</td>\n",
       "      <td>-0.074289</td>\n",
       "      <td>-0.005332</td>\n",
       "      <td>0.008505</td>\n",
       "    </tr>\n",
       "    <tr>\n",
       "      <th>GRE Score</th>\n",
       "      <td>-0.103839</td>\n",
       "      <td>1.000000</td>\n",
       "      <td>0.827200</td>\n",
       "      <td>0.613498</td>\n",
       "      <td>0.524679</td>\n",
       "      <td>0.825878</td>\n",
       "      <td>0.563398</td>\n",
       "      <td>0.810351</td>\n",
       "    </tr>\n",
       "    <tr>\n",
       "      <th>TOEFL Score</th>\n",
       "      <td>-0.141696</td>\n",
       "      <td>0.827200</td>\n",
       "      <td>1.000000</td>\n",
       "      <td>0.644410</td>\n",
       "      <td>0.541563</td>\n",
       "      <td>0.810574</td>\n",
       "      <td>0.467012</td>\n",
       "      <td>0.792228</td>\n",
       "    </tr>\n",
       "    <tr>\n",
       "      <th>SOP</th>\n",
       "      <td>-0.137352</td>\n",
       "      <td>0.613498</td>\n",
       "      <td>0.644410</td>\n",
       "      <td>1.000000</td>\n",
       "      <td>0.663707</td>\n",
       "      <td>0.712154</td>\n",
       "      <td>0.408116</td>\n",
       "      <td>0.684137</td>\n",
       "    </tr>\n",
       "    <tr>\n",
       "      <th>LOR</th>\n",
       "      <td>-0.003694</td>\n",
       "      <td>0.524679</td>\n",
       "      <td>0.541563</td>\n",
       "      <td>0.663707</td>\n",
       "      <td>1.000000</td>\n",
       "      <td>0.637469</td>\n",
       "      <td>0.372526</td>\n",
       "      <td>0.645365</td>\n",
       "    </tr>\n",
       "    <tr>\n",
       "      <th>CGPA</th>\n",
       "      <td>-0.074289</td>\n",
       "      <td>0.825878</td>\n",
       "      <td>0.810574</td>\n",
       "      <td>0.712154</td>\n",
       "      <td>0.637469</td>\n",
       "      <td>1.000000</td>\n",
       "      <td>0.501311</td>\n",
       "      <td>0.882413</td>\n",
       "    </tr>\n",
       "    <tr>\n",
       "      <th>Research</th>\n",
       "      <td>-0.005332</td>\n",
       "      <td>0.563398</td>\n",
       "      <td>0.467012</td>\n",
       "      <td>0.408116</td>\n",
       "      <td>0.372526</td>\n",
       "      <td>0.501311</td>\n",
       "      <td>1.000000</td>\n",
       "      <td>0.545871</td>\n",
       "    </tr>\n",
       "    <tr>\n",
       "      <th>Chance of Admit</th>\n",
       "      <td>0.008505</td>\n",
       "      <td>0.810351</td>\n",
       "      <td>0.792228</td>\n",
       "      <td>0.684137</td>\n",
       "      <td>0.645365</td>\n",
       "      <td>0.882413</td>\n",
       "      <td>0.545871</td>\n",
       "      <td>1.000000</td>\n",
       "    </tr>\n",
       "  </tbody>\n",
       "</table>\n",
       "</div>"
      ],
      "text/plain": [
       "                  Serial No.  GRE Score  TOEFL Score       SOP      LOR   \\\n",
       "Serial No.          1.000000  -0.103839    -0.141696 -0.137352 -0.003694   \n",
       "GRE Score          -0.103839   1.000000     0.827200  0.613498  0.524679   \n",
       "TOEFL Score        -0.141696   0.827200     1.000000  0.644410  0.541563   \n",
       "SOP                -0.137352   0.613498     0.644410  1.000000  0.663707   \n",
       "LOR                -0.003694   0.524679     0.541563  0.663707  1.000000   \n",
       "CGPA               -0.074289   0.825878     0.810574  0.712154  0.637469   \n",
       "Research           -0.005332   0.563398     0.467012  0.408116  0.372526   \n",
       "Chance of Admit     0.008505   0.810351     0.792228  0.684137  0.645365   \n",
       "\n",
       "                      CGPA  Research  Chance of Admit   \n",
       "Serial No.       -0.074289 -0.005332          0.008505  \n",
       "GRE Score         0.825878  0.563398          0.810351  \n",
       "TOEFL Score       0.810574  0.467012          0.792228  \n",
       "SOP               0.712154  0.408116          0.684137  \n",
       "LOR               0.637469  0.372526          0.645365  \n",
       "CGPA              1.000000  0.501311          0.882413  \n",
       "Research          0.501311  1.000000          0.545871  \n",
       "Chance of Admit   0.882413  0.545871          1.000000  "
      ]
     },
     "execution_count": 28,
     "metadata": {},
     "output_type": "execute_result"
    }
   ],
   "source": [
    "data.corr()"
   ]
  },
  {
   "cell_type": "code",
   "execution_count": 14,
   "metadata": {},
   "outputs": [
    {
     "data": {
      "text/html": [
       "<div>\n",
       "<style scoped>\n",
       "    .dataframe tbody tr th:only-of-type {\n",
       "        vertical-align: middle;\n",
       "    }\n",
       "\n",
       "    .dataframe tbody tr th {\n",
       "        vertical-align: top;\n",
       "    }\n",
       "\n",
       "    .dataframe thead th {\n",
       "        text-align: right;\n",
       "    }\n",
       "</style>\n",
       "<table border=\"1\" class=\"dataframe\">\n",
       "  <thead>\n",
       "    <tr style=\"text-align: right;\">\n",
       "      <th></th>\n",
       "      <th>Serial No.</th>\n",
       "      <th>GRE Score</th>\n",
       "      <th>TOEFL Score</th>\n",
       "      <th>University Rating</th>\n",
       "      <th>SOP</th>\n",
       "      <th>LOR</th>\n",
       "      <th>CGPA</th>\n",
       "      <th>Research</th>\n",
       "      <th>Chance of Admit</th>\n",
       "    </tr>\n",
       "  </thead>\n",
       "  <tbody>\n",
       "    <tr>\n",
       "      <th>Serial No.</th>\n",
       "      <td>1.000000</td>\n",
       "      <td>-0.103839</td>\n",
       "      <td>-0.141696</td>\n",
       "      <td>-0.067641</td>\n",
       "      <td>-0.137352</td>\n",
       "      <td>-0.003694</td>\n",
       "      <td>-0.074289</td>\n",
       "      <td>-0.005332</td>\n",
       "      <td>0.008505</td>\n",
       "    </tr>\n",
       "    <tr>\n",
       "      <th>GRE Score</th>\n",
       "      <td>-0.103839</td>\n",
       "      <td>1.000000</td>\n",
       "      <td>0.827200</td>\n",
       "      <td>0.635376</td>\n",
       "      <td>0.613498</td>\n",
       "      <td>0.524679</td>\n",
       "      <td>0.825878</td>\n",
       "      <td>0.563398</td>\n",
       "      <td>0.810351</td>\n",
       "    </tr>\n",
       "    <tr>\n",
       "      <th>TOEFL Score</th>\n",
       "      <td>-0.141696</td>\n",
       "      <td>0.827200</td>\n",
       "      <td>1.000000</td>\n",
       "      <td>0.649799</td>\n",
       "      <td>0.644410</td>\n",
       "      <td>0.541563</td>\n",
       "      <td>0.810574</td>\n",
       "      <td>0.467012</td>\n",
       "      <td>0.792228</td>\n",
       "    </tr>\n",
       "    <tr>\n",
       "      <th>University Rating</th>\n",
       "      <td>-0.067641</td>\n",
       "      <td>0.635376</td>\n",
       "      <td>0.649799</td>\n",
       "      <td>1.000000</td>\n",
       "      <td>0.728024</td>\n",
       "      <td>0.608651</td>\n",
       "      <td>0.705254</td>\n",
       "      <td>0.427047</td>\n",
       "      <td>0.690132</td>\n",
       "    </tr>\n",
       "    <tr>\n",
       "      <th>SOP</th>\n",
       "      <td>-0.137352</td>\n",
       "      <td>0.613498</td>\n",
       "      <td>0.644410</td>\n",
       "      <td>0.728024</td>\n",
       "      <td>1.000000</td>\n",
       "      <td>0.663707</td>\n",
       "      <td>0.712154</td>\n",
       "      <td>0.408116</td>\n",
       "      <td>0.684137</td>\n",
       "    </tr>\n",
       "    <tr>\n",
       "      <th>LOR</th>\n",
       "      <td>-0.003694</td>\n",
       "      <td>0.524679</td>\n",
       "      <td>0.541563</td>\n",
       "      <td>0.608651</td>\n",
       "      <td>0.663707</td>\n",
       "      <td>1.000000</td>\n",
       "      <td>0.637469</td>\n",
       "      <td>0.372526</td>\n",
       "      <td>0.645365</td>\n",
       "    </tr>\n",
       "    <tr>\n",
       "      <th>CGPA</th>\n",
       "      <td>-0.074289</td>\n",
       "      <td>0.825878</td>\n",
       "      <td>0.810574</td>\n",
       "      <td>0.705254</td>\n",
       "      <td>0.712154</td>\n",
       "      <td>0.637469</td>\n",
       "      <td>1.000000</td>\n",
       "      <td>0.501311</td>\n",
       "      <td>0.882413</td>\n",
       "    </tr>\n",
       "    <tr>\n",
       "      <th>Research</th>\n",
       "      <td>-0.005332</td>\n",
       "      <td>0.563398</td>\n",
       "      <td>0.467012</td>\n",
       "      <td>0.427047</td>\n",
       "      <td>0.408116</td>\n",
       "      <td>0.372526</td>\n",
       "      <td>0.501311</td>\n",
       "      <td>1.000000</td>\n",
       "      <td>0.545871</td>\n",
       "    </tr>\n",
       "    <tr>\n",
       "      <th>Chance of Admit</th>\n",
       "      <td>0.008505</td>\n",
       "      <td>0.810351</td>\n",
       "      <td>0.792228</td>\n",
       "      <td>0.690132</td>\n",
       "      <td>0.684137</td>\n",
       "      <td>0.645365</td>\n",
       "      <td>0.882413</td>\n",
       "      <td>0.545871</td>\n",
       "      <td>1.000000</td>\n",
       "    </tr>\n",
       "  </tbody>\n",
       "</table>\n",
       "</div>"
      ],
      "text/plain": [
       "                   Serial No.  GRE Score  TOEFL Score  University Rating  \\\n",
       "Serial No.           1.000000  -0.103839    -0.141696          -0.067641   \n",
       "GRE Score           -0.103839   1.000000     0.827200           0.635376   \n",
       "TOEFL Score         -0.141696   0.827200     1.000000           0.649799   \n",
       "University Rating   -0.067641   0.635376     0.649799           1.000000   \n",
       "SOP                 -0.137352   0.613498     0.644410           0.728024   \n",
       "LOR                 -0.003694   0.524679     0.541563           0.608651   \n",
       "CGPA                -0.074289   0.825878     0.810574           0.705254   \n",
       "Research            -0.005332   0.563398     0.467012           0.427047   \n",
       "Chance of Admit      0.008505   0.810351     0.792228           0.690132   \n",
       "\n",
       "                        SOP      LOR       CGPA  Research  Chance of Admit   \n",
       "Serial No.        -0.137352 -0.003694 -0.074289 -0.005332          0.008505  \n",
       "GRE Score          0.613498  0.524679  0.825878  0.563398          0.810351  \n",
       "TOEFL Score        0.644410  0.541563  0.810574  0.467012          0.792228  \n",
       "University Rating  0.728024  0.608651  0.705254  0.427047          0.690132  \n",
       "SOP                1.000000  0.663707  0.712154  0.408116          0.684137  \n",
       "LOR                0.663707  1.000000  0.637469  0.372526          0.645365  \n",
       "CGPA               0.712154  0.637469  1.000000  0.501311          0.882413  \n",
       "Research           0.408116  0.372526  0.501311  1.000000          0.545871  \n",
       "Chance of Admit    0.684137  0.645365  0.882413  0.545871          1.000000  "
      ]
     },
     "execution_count": 14,
     "metadata": {},
     "output_type": "execute_result"
    }
   ],
   "source": []
  },
  {
   "cell_type": "code",
   "execution_count": null,
   "metadata": {},
   "outputs": [],
   "source": []
  }
 ],
 "metadata": {
  "kernelspec": {
   "display_name": "Python 3",
   "language": "python",
   "name": "python3"
  },
  "language_info": {
   "codemirror_mode": {
    "name": "ipython",
    "version": 3
   },
   "file_extension": ".py",
   "mimetype": "text/x-python",
   "name": "python",
   "nbconvert_exporter": "python",
   "pygments_lexer": "ipython3",
   "version": "3.7.4"
  }
 },
 "nbformat": 4,
 "nbformat_minor": 4
}
